0.879462
3.530593
7.980825
14.263720
22.417225
32.481971
44.499663
58.511531
74.556869
92.671657
112.887275
135.229317
159.716506
186.359716
215.161111
246.113405
279.199244
314.390719
351.649009
390.924171
432.155063
475.269412
520.184035
566.805199
615.029144
664.742745
715.824340
768.144705
821.568187
875.953998
931.157671
987.032672
1043.432192
1100.211094
1157.228056
1214.347884
1271.444024
1328.401271
1385.118693
1441.512778
1497.518443
1552.806260
1607.101955
1660.441240
1712.990555
1764.968632
1816.451723
1867.511150
1918.215066
1968.568221
2018.575252
2068.240687
2117.568949
2166.564360
2215.231140
2263.573414
2311.595213
2359.300480
2406.693066
2453.776740
2500.555185
2547.032007
2593.210730
2639.094805
2684.687607
2729.992441
2775.012540
2819.751071
2864.211134
2908.395764
2952.307935
2995.950558
3039.326487
3082.438517
3125.289387
3167.881781
3210.218330
3252.301612
3294.134156
3335.718441
3377.056897
3418.151908
3459.005811
3499.620901
3539.999426
3580.143594
3620.055571
3659.737482
3699.191411
3738.419408
3777.423480
3816.205601
3854.767706
3893.111699
3931.239446
3969.152781
4006.853504
4044.343386
4081.624163
4118.697542
4155.565202
4192.228789
4228.689924
4264.950196
4301.011172
4336.874386
4372.541352
4408.013552
4443.292449
4478.379477
4513.276047
4547.983548
4582.503345
4616.836779
4650.985171
4684.949819
4718.732000
4752.332970
4785.753966
4818.996202
4852.060876
4884.949165
4917.662225
4950.201199
4982.567206
5014.761351
5046.784721
5078.638384
5110.323394
5141.840786
5173.191580
5204.376782
5235.397379
5266.254345
5296.948638
5327.481203
5357.852969
5388.064851
5418.117750
5448.012554
5477.750138
5507.331363
5536.757077
5566.028116
5595.145302
5624.109447
5652.921349
5681.581796
5710.091563
5738.451415
5766.662102
5794.724369
5822.638945
5850.406551
5878.027896
5905.503681
5932.834594
5960.021315
5987.064514
6013.964850
6040.722975
6067.339529
6093.815145
6120.150445
6146.346045
6172.402549
6198.320554
6224.100649
6249.743414
6275.249422
6300.619235
6325.853411
6350.952497
6375.917034
6400.747556
6425.444587
6450.008646
6474.440244
6498.739886
6522.908068
6546.945280
6570.852006
6594.628723
6618.275900
6641.794002
6665.183486
6688.444803
6711.578398
6734.584709
6757.464169
6780.217206
6802.844240
6825.345686
6847.721955
6869.973451
6892.100571
6914.103710
6935.983255
6957.739589
6979.373090
7000.884129
7022.273073
7043.540287
7064.686126
7085.710943
7106.615087
7127.398901
7148.062723
7168.606888
7189.031724
7209.337557
7229.524708
7249.593494
7269.544225
7289.377212
7309.092757
7328.691161
7348.172718
7367.537722
7386.786459
7405.919215
7424.936269
7443.837899
7462.624376
7481.295970
7499.852947
7518.295568
7536.624093
7554.838776
7572.939869
7590.927620
7608.802274
7626.564074
7644.213257
7661.750059
7679.174711
7696.487443
7713.688482
7730.778049
7747.756364
7764.623645
7781.380106
7798.025958
7814.561409
7830.986664
7847.301927
7863.507398
7879.603273
7895.589749
7911.467015
7927.235263
7942.894679
7958.445448
7973.887751
7989.221767
8004.447674
8019.565647
8034.575857
8049.478474
8064.273667
8078.961599
8093.542435
8108.016335
8122.383457
8136.643959
8150.797994
8164.845714
8178.787270
8192.622809
8206.352478
8219.976420
8233.494777
8246.907690
8260.215296
8273.417732
8286.515131
8299.507626
8312.395348
8325.178424
8337.856983
8350.431149
8362.901045
8375.266792
8387.528512
8399.686322
8411.740337
8423.690674
8435.537446
8447.280763
8458.920735
8470.457472
8481.891080
8493.221664
8504.449328
8515.574174
8526.596302
8537.515813
8548.332803
8559.047370
8569.659607
8580.169609
8590.577468
8600.883274
8611.087117
8621.189084
8631.189264
8641.087740
8650.884597
8660.579918
8670.173784
8679.666276
8689.057472
8698.347451
8707.536289
8716.624062
8725.610843
8734.496707
8743.281723
8751.965964
8760.549500
8769.032397
8777.414724
8785.696548
8793.877932
8801.958942
8809.939641
8817.820089
8825.600349
8833.280480
8840.860541
8848.340590
8855.720683
8863.000878
8870.181228
8877.261787
8884.242608
8891.123745
8897.905246
8904.587163
8911.169545
8917.652441
8924.035896
8930.319959
8936.504675
8942.590087
8948.576241
8954.463179
8960.250944
8965.939576
8971.529116
8977.019604
8982.411078
8987.703577
8992.897137
8997.991795
9002.987586
9007.884545
9012.682707
9017.382104
9021.982768
9026.484732
9030.888026
9035.192681
9039.398725
9043.506187
9047.515095
9051.425477
9055.237359
9058.950766
9062.565723
9066.082255
9069.500385
9072.820136
9076.041530
9079.164589
9082.189333
9085.115782
9087.943957
9090.673874
9093.305553
9095.839011
9098.274264
9100.611328
9102.850219
9104.990952
9107.033539
9108.977996
9110.824333
9112.572564
9114.222700
9115.774751
9117.228727
9118.584639
9119.842494
9121.002301
9122.064067
9123.027799
9123.893504
9124.661187
9125.330853
9125.902506
9126.376150
9126.751788
9127.029423
9127.209056
9127.290688
9127.274320
9127.159952
9126.947585
9126.637220
9126.228860
9125.722506
9125.118163
9124.415834
9123.615523
9122.717236
9121.720979
9120.626758
9119.434580
9118.144452
9116.756384
9115.270384
9113.686461
9112.004627
9110.224891
9108.347266
9106.371763
9104.298396
9102.127178
9099.858123
9097.491246
9095.026563
9092.464089
9089.803841
9087.045837
9084.190094
9081.236633
9078.185471
9075.036629
9071.790129
9068.445990
9065.004237
9061.464890
9057.827975
9054.093514
9050.261533
9046.332058
9042.305115
9038.180730
9033.958932
9029.639749
9025.223209
9020.709344
9016.098183
9011.389757
9006.584099
9001.681241
8996.681218
8991.584062
8986.389809
8981.098495
8975.710156
8970.224830
8964.642554
8958.963366
8953.187308
8947.314418
8941.344738
8935.278310
8929.115177
8922.855381
8916.498967
8910.045981
8903.496467
8896.850474
8890.108047
8883.269236
8876.334089
8869.302657
8862.174991
8854.951141
8847.631161
8840.215105
8832.703025
8825.094978
8817.391019
8809.591206
8801.695596
8793.704247
8785.617220
8777.434574
8769.156372
8760.782675
8752.313546
8743.749051
8735.089254
8726.334220
8717.484018
8708.538714
8699.498379
8690.363081
8681.132891
8671.807883
8662.388127
8652.873698
8643.264672
8633.561123
8623.763129
8613.870767
8603.884117
8593.803258
8583.628272
8573.359239
8562.996245
8552.539372
8541.988705
8531.344332
8520.606340
8509.774816
8498.849851
8487.831535
8476.719961
8465.515220
8454.217407
8442.826618
8431.342947
8419.766494
8408.097356
8396.335634
8384.481427
8372.534839
8360.495973
8348.364933
8336.141824
8323.826754
8311.419830
8298.921163
8286.330862
8273.649039
8260.875807
8248.011281
8235.055575
8222.008807
8208.871094
8195.642557
8182.323314
8168.913489
8155.413203
8141.822583
8128.141752
8114.370839
8100.509971
8086.559279
8072.518892
8058.388944
8044.169568
8029.860899
8015.463074
8000.976229
7986.400504
7971.736040
7956.982977
7942.141461
7927.211633
7912.193642
7897.087634
7881.893758
7866.612164
7851.243003
7835.786429
7820.242595
7804.611658
7788.893776
7773.089106
7757.197808
7741.220045
7725.155979
7709.005776
7692.769600
7676.447619
7660.040002
7643.546919
7626.968543
7610.305046
7593.556604
7576.723392
7559.805589
7542.803373
7525.716926
7508.546429
7491.292067
7473.954024
7456.532488
7439.027647
7421.439690
7403.768810
7386.015198
7368.179049
7350.260560
7332.259927
7314.177349
7296.013028
7277.767164
7259.439962
7241.031627
7222.542365
7203.972385
7185.321895
7166.591108
7147.780237
7128.889495
7109.919098
7090.869264
7071.740211
7052.532161
7033.245335
7013.879957
6994.436251
6974.914446
6955.314767
6935.637446
6915.882714
6896.050802
6876.141947
6856.156382
6836.094347
6815.956079
6795.741819
6775.451809
6755.086292
6734.645513
6714.129719
6693.539158
6672.874078
6652.134732
6631.321371
6610.434249
6589.473622
6568.439746
6547.332881
6526.153285
6504.901220
6483.576949
6462.180737
6440.712848
6419.173549
6397.563111
6375.881801
6354.129893
6332.307658
6310.415371
6288.453307
6266.421744
6244.320960
6222.151235
6199.912851
6177.606088
6155.231233
6132.788569
6110.278383
6087.700965
6065.056601
6042.345585
6019.568206
5996.724759
5973.815539
5950.840839
5927.800959
5904.696196
5881.526850
5858.293221
5834.995613
5811.634326
5788.209668
5764.721942
5741.171456
5717.558518
5693.883437
5670.146524
5646.348089
5622.488446
5598.567908
5574.586790
5550.545408
5526.444078
5502.283120
5478.062851
5453.783593
5429.445665
5405.049391
5380.595094
5356.083097
5331.513726
5306.887306
5282.204166
5257.464631
5232.669032
5207.817699
5182.910961
5157.949149
5132.932598
5107.861639
5082.736606
5057.557834
5032.325659
5007.040417
4981.702444
4956.312080
4930.869662
4905.375529
4879.830021
4854.233479
4828.586244
4802.888658
4777.141063
4751.343803
4725.497221
4699.601661
4673.657467
4647.664986
4621.624563
4595.536545
4569.401277
4543.219108
4516.990385
4490.715457
4464.394670
4438.028376
4411.616922
4385.160659
4358.659936
4332.115104
4305.526513
4278.894515
4252.219460
4225.501699
4198.741585
4171.939468
4145.095702
4118.210638
4091.284628
4064.318025
4037.311181
4010.264450
3983.178183
3956.052733
3928.888454
3901.685698
3874.444817
3847.166165
3819.850095
3792.496958
3765.107108
3737.680897
3710.218678
3682.720802
3655.187622
3627.619490
3600.016758
3572.379777
3544.708897
3517.004472
3489.266850
3461.496384
3433.693422
3405.858315
3377.991412
3350.093063
3322.163617
3294.203421
3266.212824
3238.192173
3210.141816
3182.062099
3153.953369
3125.815970
3097.650249
3069.456550
3041.235216
3012.986592
2984.711020
2956.408843
2928.080403
2899.726039
2871.346094
2842.940906
2814.510814
2786.056157
2757.577273
2729.074498
2700.548168
2671.998619
2643.426185
2614.831201
2586.213997
2557.574908
2528.914264
2500.232396
2471.529632
2442.806303
2414.062734
2385.299253
2356.516186
2327.713857
2298.892591
2270.052710
2241.194537
2212.318391
2183.424593
2154.513462
2125.585316
2096.640470
2067.679242
2038.701944
2009.708891
1980.700395
1951.676767
1922.638317
1893.585353
1864.518185
1835.437117
1806.342456
1777.234505
1748.113567
1718.979944
1689.833937
1660.675844
1631.505964
1602.324592
1573.132026
1543.928557
1514.714480
1485.490086
1456.255665
1427.011505
1397.757895
1368.495120
1339.223465
1309.943213
1280.654648
1251.358048
1222.053693
1192.741862
1163.422831
1134.096875
1104.764267
1075.425280
1046.080184
1016.729248
987.372742
958.010930
928.644079
899.272450
869.896308
840.515911
811.131519
781.743390
752.351780
722.956943
693.559132
664.158598
634.755593
605.350364
575.943158
546.534221
517.123797
487.712127
458.299454
428.886016
399.472050
370.057794
340.643482
311.229346
281.815619
252.402530
222.990308
193.579180
164.169371
134.761104
105.354602
75.950085
46.547773
17.147883
-12.249370
